(1010101111)
(1111101001)
(1011011110)
(1100111001)
(0010011111)
(1010101101)
(0101101110)
(1010101011)
(0001101101)
(0101001101)
(0010011011)
(1010010001)
(0111000100)
(0100000111)
(0100100011)
(0010101111)
(1000101111)
(1010001111)
(1010100111)
(1010101011)
(1010101101)
(1010101110)
(0000101111)
(0010001111)
(1000001111)
(0010100111)
(1000100111)
(1010000111)
(0010101011)
(1000101011)
(1010001011)
(1010100011)
(0010101101)
(1000101101)
(1010001101)
(1010100101)
(1010101001)
(0010101110)
(1000101110)
(1010001110)
(1010100110)
(1010101010)
(1010101100)
(0111101001)
(1011101001)
(1101101001)
(1110101001)
(1111001001)
(1111100001)
(1111101000)
(0011101001)
(0101101001)
(1001101001)
(0110101001)
(1010101001)
(1100101001)
(0111001001)
(1011001001)
(1101001001)
(1110001001)
(0111100001)
(1011100001)
(1101100001)
(1110100001)
(1111000001)
(0111101000)
(1011101000)
(1101101000)
(1110101000)
(1111001000)
(1111100000)
(0011011110)
(1001011110)
(1010011110)
(1011001110)
(1011010110)
(1011011010)
(1011011100)
(0001011110)
(0010011110)
(1000011110)
(0011001110)
(1001001110)
(1010001110)
(0011010110)
(1001010110)
(1010010110)
(1011000110)
(0011011010)
(1001011010)
(1010011010)
(1011001010)
(1011010010)
(0011011100)
(1001011100)
(1010011100)
(1011001100)
(1011010100)
(1011011000)
(0100111001)
