6 220
5 4
5 6
5 22
5 42
5 43
5 55
5 60
5 66
5 73
5 74
5 86
5 92
5 118
5 512
0 6
0 7
0 13
0 45
0 50
0 55
0 184
0 230
1 4
1 6
1 7
1 21
1 28
1 31
1 42
1 55
1 72
1 97
1 100
1 110
1 115
1 116
1 118
1 119
1 120
2 1
2 6
2 42
2 49
2 55
2 100
2 116
2 118
2 142
2 184
2 192
2 236
3 6
3 13
3 21
3 31
3 47
3 55
3 62
3 74
3 77
3 80
3 95
3 98
3 119
3 137
3 184
3 231
3 363
3 414
4 6
4 7
4 22
4 31
4 42
4 47
4 55
4 72
4 119
4 167
4 232
4 240
4 246
7 73
8 4
8 42
8 50
8 55
8 73
8 86
8 88
8 100
8 108
8 115
8 118
8 149
8 158
8 167
8 204
8 231
8 267
8 334
8 369
8 482
9 42
9 43
9 50
9 288
9 297
9 306
9 334
9 518
9 640
9 662
9 799
9 815
9 894
9 1015
10 236
11 42
11 121
11 188
12 11
12 13
12 31
12 42
12 45
12 55
12 76
12 88
12 99
12 176
12 193
12 231
12 247
12 280
12 399
12 482
12 516
14 73
14 93
14 324
14 337
14 338
18 11
18 42
18 49
18 70
18 73
18 74
18 76
18 77
18 188
18 236
18 256
19 22
19 28
19 42
19 47
19 55
19 98
19 106
19 118
19 167
20 210
15 28
15 42
15 118
17 22
17 31
17 42
17 45
17 47
17 55
17 73
17 80
17 88
17 97
17 121
17 158
17 225
17 236
17 237
17 246
17 282
17 306
17 324
17 340
17 529
17 623
17 663
17 702
17 734
21 28
21 31
21 55
21 86
21 103
21 118
21 158
21 331
21 332
21 434
22 4
22 42
22 43
22 49
22 55
22 60
22 69
22 73
22 95
22 97
22 102
22 118
22 125
22 167
22 306
23 22
23 42
23 174
16 55
16 58
16 94
16 121
16 130
16 158
16 183
16 235
16 258
16 269
16 288
16 360
16 380
16 393
16 405
16 414
16 418
16 438
16 447
16 463
16 516
16 529
16 539
16 551
16 553
16 566
16 590
16 594
16 602
16 604
16 633
16 640
16 646
16 692
16 697
16 701
16 702
16 705
16 727
16 740
16 745
16 754
16 758
16 774
16 799
16 811
16 812
16 835
16 842
16 846
16 886
16 903
16 907
16 916
16 933
16 934
16 998
16 1015
24 58
24 73
24 154
24 181
24 186
24 228
24 240
24 250
24 257
24 285
24 308
24 352
24 529
24 551
24 594
24 616
24 618
24 628
24 645
24 656
24 670
24 705
24 722
24 734
24 742
24 774
24 799
24 802
24 803
24 804
24 812
24 825
24 826
24 828
24 830
24 831
24 834
24 836
24 873
24 876
24 880
24 886
24 894
24 903
24 912
24 918
24 934
24 943
24 944
24 948
24 973
24 983
24 1010
24 1014
25 49
25 69
25 76
25 78
25 120
25 188
25 234
25 306
25 312
25 470
25 529
25 551
25 557
25 594
25 616
25 670
25 701
25 705
25 735
25 744
25 758
25 803
25 829
25 842
25 849
25 857
25 934
26 11
26 45
26 55
26 60
26 78
26 115
26 118
26 119
26 131
27 42
27 55
27 62
27 106
27 108
27 121
27 137
27 140
27 152
27 160
27 188
27 231
27 246
27 357
27 762
27 836
27 842
27 876
29 28
30 28
31 102
32 42
32 45
32 246
36 42
36 50
33 42
33 45
33 57
33 60
33 73
33 86
33 100
33 119
33 120
33 150
33 181
33 188
33 356
33 1014
34 42
37 42
38 42
39 42
39 89
39 220
39 230
39 256
39 398
39 911
35 42
35 50
35 55
35 131
35 288
35 308
40 42
40 95
40 100
41 42
41 50
41 55
41 96
41 184
43 55
43 270
44 55
45 73
46 55
47 22
47 55
47 72
47 257
49 55
51 49
51 57
50 44
50 55
50 89
50 96
50 127
50 209
50 217
50 280
50 288
50 306
50 340
50 356
50 373
50 391
50 407
50 552
50 734
52 55
53 55
53 275
54 55
48 55
48 96
56 66
56 69
58 42
58 55
58 137
58 143
58 148
58 188
58 193
58 201
58 228
58 246
58 265
58 278
58 293
58 299
58 306
58 340
58 341
58 393
58 482
58 651
58 697
59 60
59 200
59 697
61 22
61 73
63 55
63 78
63 88
63 102
63 140
65 66
68 42
68 50
68 118
68 131
68 167
67 43
67 97
67 118
67 121
67 355
67 407
67 552
71 55
71 89
71 236
72 47
72 78
72 118
72 876
75 11
75 76
75 152
78 11
78 47
80 64
80 210
80 979
81 11
82 55
82 167
83 154
83 348
79 55
79 465
79 595
84 188
84 512
85 11
86 62
86 108
86 127
86 153
86 158
86 217
86 829
87 43
87 44
87 45
87 50
87 55
87 96
87 97
87 99
87 100
87 108
87 111
87 127
87 131
87 153
87 165
87 167
87 180
87 184
87 204
87 262
87 280
87 288
87 293
87 299
87 306
87 307
87 308
87 373
87 381
87 482
87 697
88 92
88 118
88 120
89 96
90 203
91 142
91 153
96 50
96 89
96 127
96 228
96 288
98 55
98 121
98 150
98 158
98 390
99 110
99 116
99 118
99 125
99 156
99 158
99 167
99 181
99 525
99 811
100 184
101 100
102 42
102 50
102 55
102 58
102 98
102 99
102 103
102 106
102 108
102 110
102 115
102 116
102 118
102 119
102 120
102 121
102 125
102 137
102 158
102 164
102 167
102 176
102 188
102 235
102 238
102 240
102 265
102 306
102 362
102 379
102 438
102 529
102 534
102 551
102 590
102 842
104 115
105 164
105 186
105 195
105 308
106 55
106 86
106 89
106 102
106 121
106 142
106 148
106 153
106 158
106 172
106 176
106 225
106 230
106 247
106 268
106 341
106 357
106 380
106 391
106 392
106 414
106 608
106 697
107 55
107 62
107 80
107 86
107 152
107 171
107 175
107 182
107 329
107 338
108 55
108 102
108 106
108 121
108 142
108 152
108 158
108 162
108 164
108 165
108 167
108 171
108 186
108 188
108 193
108 197
108 238
108 246
108 265
108 306
108 308
108 329
108 341
108 362
108 373
108 390
108 697
109 238
109 247
109 288
109 299
110 282
111 42
111 58
111 80
111 94
111 98
111 99
111 110
111 119
111 120
111 121
111 129
111 130
111 148
111 150
111 152
111 154
111 158
111 167
111 182
111 183
111 188
111 192
111 195
111 197
111 203
111 217
111 225
111 233
111 238
111 239
111 242
111 246
111 248
111 265
111 267
111 278
111 306
111 329
111 332
111 334
111 344
111 363
111 376
111 377
111 378
111 385
111 390
111 392
111 393
111 396
111 398
111 408
111 409
111 412
111 424
111 434
111 440
111 447
111 450
111 461
111 463
111 482
111 512
111 529
111 628
111 705
111 815
111 851
111 934
112 302
113 42
113 55
113 186
113 188
113 289
113 306
113 356
113 408
113 557
113 633
113 697
114 118
117 118
121 55
121 96
121 102
121 105
121 106
121 158
121 167
121 188
121 225
121 231
121 289
121 390
121 538
121 640
121 672
121 919
121 936
122 125
125 262
124 125
126 131
128 55
128 164
129 64
129 89
129 94
129 105
129 106
129 111
129 121
129 130
129 137
129 142
129 143
129 148
129 154
129 172
129 183
129 188
129 193
129 201
129 210
129 230
129 231
129 238
129 248
129 255
129 263
129 265
129 280
129 293
129 299
129 319
129 320
129 331
129 338
129 340
129 355
129 356
129 360
129 363
129 369
129 371
129 373
129 380
129 381
129 391
129 396
129 415
129 418
129 429
129 430
129 463
129 511
129 523
129 538
129 553
129 555
129 566
129 602
129 624
129 633
129 659
129 745
129 754
129 811
62 55
62 86
62 99
62 106
62 131
62 140
62 142
62 156
62 192
62 203
130 158
130 203
130 258
130 265
130 286
130 332
130 366
130 391
130 412
130 463
130 511
130 521
130 533
130 534
130 537
130 538
130 551
130 552
130 557
130 692
130 697
130 705
130 706
130 793
130 806
130 833
130 836
132 131
133 121
133 188
133 210
133 240
133 243
133 257
133 289
133 324
133 330
133 332
133 344
133 355
133 364
133 376
133 385
133 390
133 391
133 424
133 526
133 538
133 579
133 616
133 627
133 793
133 894
133 1000
134 45
134 99
135 98
136 142
136 184
136 396
138 45
139 55
139 80
139 96
139 106
139 140
139 165
139 167
140 62
140 238
140 270
140 275
140 299
123 154
123 188
123 390
141 103
142 42
142 44
142 58
142 62
142 89
142 103
142 105
142 181
142 186
142 193
142 240
142 244
142 246
142 259
142 265
142 278
142 285
142 308
142 329
142 1014
143 55
143 62
143 64
143 89
143 102
143 106
143 111
143 121
143 137
143 154
143 176
143 188
143 192
143 220
143 221
143 255
143 280
143 320
143 341
143 357
143 364
143 371
143 377
143 380
143 393
143 412
143 500
143 697
144 55
145 58
145 96
145 192
145 197
145 225
145 233
145 289
145 380
145 1014
146 869
146 873
146 983
147 96
147 155
147 180
147 237
148 55
148 121
148 150
148 331
148 538
148 557
148 648
149 150
149 319
149 459
151 106
155 86
155 102
155 158
155 167
156 111
156 158
156 259
157 158
159 55
159 96
159 167
160 102
160 242
160 258
160 514
160 557
161 73
161 111
161 120
161 143
161 158
161 180
161 204
161 267
161 340
161 341
161 356
161 438
161 640
161 705
161 842
162 55
162 86
162 108
163 158
163 162
163 186
163 371
163 484
163 633
163 640
163 686
163 723
163 729
163 796
163 876
164 64
164 121
164 391
164 409
164 890
165 142
165 192
165 662
166 167
168 274
168 332
168 362
168 526
168 616
168 661
168 727
168 744
169 165
170 55
170 267
172 121
172 142
172 188
172 212
172 247
172 259
172 280
172 284
172 356
172 362
172 376
172 390
172 438
172 440
172 465
172 697
172 702
174 188
174 376
173 174
173 288
173 331
173 376
173 463
175 62
175 102
175 108
175 142
175 180
175 188
175 268
176 42
176 94
176 102
176 182
176 188
176 267
177 50
177 262
177 348
177 360
177 366
177 390
177 409
177 525
177 529
177 690
177 702
177 799
177 829
177 876
177 919
177 934
178 62
178 86
178 89
178 108
178 111
178 129
178 137
178 149
178 153
178 172
178 186
178 188
178 201
178 221
178 228
178 231
178 259
178 269
178 280
178 284
178 307
178 320
178 341
178 356
178 363
178 369
178 380
178 399
178 414
178 447
179 89
179 164
179 203
180 142
180 176
180 184
180 192
181 42
181 58
181 64
181 73
181 94
181 111
181 120
181 121
181 146
181 148
181 149
181 158
181 160
181 172
181 174
181 188
181 193
181 195
181 201
181 204
181 212
181 233
181 239
181 248
181 258
181 259
181 263
181 265
181 267
181 280
181 284
181 285
181 306
181 308
181 309
181 319
181 324
181 329
181 332
181 334
181 338
181 340
181 341
181 348
181 352
181 355
181 356
181 357
181 359
181 360
181 362
181 363
181 366
181 369
181 371
181 373
181 376
181 379
181 380
181 391
181 393
181 396
181 436
181 456
181 465
181 477
181 516
181 527
181 529
181 532
181 538
181 551
181 557
181 585
181 593
181 615
181 624
181 627
181 633
181 640
181 642
181 668
181 676
181 701
181 729
181 734
181 742
181 745
181 789
181 802
181 825
181 828
181 829
181 836
181 851
181 865
181 880
181 886
181 894
181 901
181 912
181 916
181 936
181 970
181 973
181 1014
182 407
184 148
185 57
185 380
186 142
187 111
187 137
187 142
187 160
187 181
187 201
187 204
187 238
187 248
187 259
187 270
187 289
187 299
187 1014
188 57
188 58
188 89
188 108
188 120
188 121
188 142
188 154
188 181
188 230
188 258
188 268
188 273
188 280
188 284
188 306
188 334
188 338
188 341
189 142
189 188
189 356
190 142
191 142
193 58
193 108
193 244
193 259
193 284
193 290
193 293
193 308
194 120
194 181
194 233
195 58
195 174
195 186
195 188
195 193
195 225
195 230
195 232
195 237
195 238
195 240
195 246
195 265
195 267
195 280
195 285
195 329
195 348
195 380
195 463
195 516
196 197
198 50
198 58
198 108
198 188
198 193
198 197
198 209
198 220
198 221
198 228
198 230
198 231
198 233
198 240
198 280
198 285
200 182
200 210
200 363
200 408
199 143
199 200
201 181
201 863
202 50
202 217
204 50
204 267
204 319
204 360
204 373
204 381
204 482
204 538
204 707
205 50
206 285
206 288
206 299
206 340
206 392
206 508
206 512
207 512
209 188
209 225
209 348
208 209
210 121
210 182
210 246
210 306
210 373
210 391
210 402
210 414
210 458
210 508
210 512
210 552
211 210
212 377
212 705
213 89
213 111
213 121
213 143
213 149
213 154
213 195
213 201
213 204
213 210
213 225
213 230
213 240
213 248
213 250
213 259
213 262
213 263
213 265
213 269
213 273
213 282
213 285
213 290
213 299
213 308
213 309
213 319
213 320
213 326
213 329
213 332
213 338
213 341
213 355
213 357
213 363
213 366
213 393
213 396
213 405
213 552
213 615
213 701
214 217
215 217
216 217
216 805
218 220
219 220
222 203
223 203
224 225
226 297
226 697
226 702
228 58
228 121
228 230
228 231
228 366
228 631
227 188
227 228
227 231
227 240
227 246
227 248
229 58
229 121
229 137
229 143
229 148
229 181
229 188
229 230
229 231
229 259
229 274
229 285
229 306
229 308
229 331
229 360
229 362
229 379
229 392
229 436
229 463
229 470
229 487
229 518
229 529
229 534
229 551
229 557
229 567
229 627
229 651
229 662
229 697
229 702
229 722
229 733
229 734
229 762
229 793
229 799
229 802
229 815
229 828
229 894
229 934
229 1015
230 42
230 89
230 121
230 158
230 186
230 188
230 242
230 250
230 290
230 306
230 458
230 594
235 121
235 557
238 89
238 174
238 186
238 250
238 253
238 270
238 273
238 275
238 282
240 73
240 105
240 174
240 186
240 195
240 259
240 275
240 278
240 282
240 285
240 288
240 302
240 308
240 329
240 363
240 371
240 512
239 121
239 181
239 188
239 240
239 262
239 265
239 280
239 284
239 285
239 308
239 332
239 380
239 396
239 463
239 529
239 594
239 697
241 182
241 238
241 258
241 285
241 306
241 356
245 246
249 42
249 89
249 121
249 188
249 195
249 238
249 250
249 268
249 275
249 278
249 282
249 284
249 319
249 341
249 355
249 363
249 366
249 405
249 408
249 615
249 745
250 230
250 251
250 282
250 338
254 137
255 414
252 188
252 331
252 546
252 557
252 697
258 518
259 58
259 73
259 121
259 181
259 204
259 268
259 285
259 308
259 319
259 320
259 329
259 346
259 377
259 389
259 402
259 408
259 414
259 424
259 463
259 538
259 557
260 181
260 188
260 288
260 306
260 340
261 225
261 754
261 965
262 42
262 204
262 265
263 121
263 158
263 188
263 326
263 356
263 538
263 552
263 557
263 559
264 186
265 121
265 188
265 262
265 306
265 366
265 514
266 111
266 143
266 154
266 174
266 193
266 204
266 250
266 259
266 267
266 268
266 273
266 275
266 278
266 282
266 285
266 293
266 319
266 332
266 338
266 352
266 364
267 120
267 148
267 174
267 204
267 259
267 265
267 319
267 329
267 363
267 371
267 511
267 782
269 120
269 201
269 268
269 270
269 278
269 289
269 293
269 297
269 324
269 334
269 408
272 273
272 529
272 551
272 594
272 616
272 618
272 740
272 796
272 828
272 829
272 852
272 903
274 250
274 393
274 537
274 609
274 627
274 676
274 697
274 729
274 740
274 767
282 111
282 121
282 172
282 212
282 390
282 462
282 500
282 594
282 701
282 802
282 894
282 912
282 936
276 121
276 148
276 282
276 319
276 326
276 393
276 436
276 567
276 789
277 282
278 282
279 282
280 111
280 121
280 143
280 172
280 193
280 201
280 204
280 210
280 258
280 259
280 267
280 278
280 282
280 285
280 299
280 308
280 329
280 330
280 332
280 334
280 344
280 355
280 363
280 369
280 371
280 373
280 378
280 381
280 385
280 390
280 402
280 482
280 538
280 557
280 683
280 734
280 1014
281 282
283 130
283 331
283 332
283 340
283 405
283 438
283 546
283 593
283 911
284 58
284 121
284 212
284 265
284 341
284 356
284 380
284 390
284 391
284 393
284 396
284 398
284 399
284 434
284 447
284 454
284 622
284 646
284 697
284 762
284 816
284 903
284 934
284 1000
284 1006
284 1010
285 181
285 512
286 204
286 235
286 278
286 288
286 306
286 307
286 362
286 615
286 876
286 897
287 278
287 340
287 415
288 299
288 306
288 307
288 482
291 307
291 308
292 57
292 58
292 188
292 235
292 306
292 326
292 331
292 389
292 390
292 454
292 465
292 511
292 516
292 594
292 595
292 901
292 934
292 1010
293 299
293 307
294 293
295 293
296 701
300 288
300 299
300 482
298 288
299 288
303 158
303 288
303 707
303 763
301 288
302 288
304 306
305 306
305 334
309 121
310 259
310 285
310 306
310 332
310 357
310 609
311 285
311 412
312 557
312 640
313 120
313 268
313 332
313 338
313 552
271 154
271 212
271 284
271 319
271 341
271 355
271 369
314 148
315 263
315 369
315 380
316 280
316 306
316 341
316 373
316 391
316 436
318 267
319 332
324 337
324 338
321 324
322 324
323 324
325 120
325 334
325 456
326 121
326 188
326 225
326 340
326 359
326 360
326 418
326 594
326 608
327 121
328 64
328 154
328 172
328 259
328 269
328 319
328 356
328 362
328 366
328 390
328 396
328 408
328 482
328 484
328 567
328 697
329 149
329 204
329 259
329 267
329 319
329 330
329 332
329 341
329 344
329 356
329 359
329 364
329 377
329 378
329 389
329 399
329 402
329 412
329 447
329 450
329 457
329 485
329 494
329 594
329 623
329 697
329 723
329 801
329 808
331 340
331 560
332 148
332 255
332 257
332 284
332 329
332 331
332 340
332 355
332 356
332 366
332 390
332 416
332 436
332 504
332 514
332 516
332 526
332 532
332 557
332 590
332 627
332 628
332 640
332 663
332 697
332 774
332 803
332 842
332 911
333 149
335 120
336 210
336 306
336 376
336 408
336 487
336 529
336 802
336 812
338 188
338 302
338 434
339 149
340 268
340 697
341 259
341 319
341 332
341 356
341 390
341 440
341 512
341 690
341 697
341 995
344 130
344 399
342 306
342 344
342 364
342 378
342 385
343 172
343 306
343 338
343 344
343 369
343 377
343 380
343 447
345 267
347 111
347 143
347 259
347 338
347 356
347 359
347 396
348 154
348 286
348 329
348 331
348 332
348 341
348 362
348 380
348 482
348 527
348 557
348 644
349 352
350 352
350 471
351 352
353 1014
354 42
355 42
355 94
355 130
355 203
355 210
355 259
355 265
355 269
355 284
355 306
355 331
355 332
355 338
355 340
355 341
355 366
355 371
355 373
355 376
355 390
355 391
355 418
355 438
355 440
355 516
355 538
355 551
355 553
355 557
355 615
355 651
355 662
355 697
355 734
355 876
355 903
355 916
355 936
356 58
356 94
356 183
356 203
356 262
356 302
356 312
356 338
356 340
356 341
356 355
356 390
356 391
356 418
356 438
356 440
356 523
356 525
356 529
356 557
356 579
356 593
356 697
356 702
356 1015
358 359
361 121
361 225
361 265
361 269
361 355
361 371
361 380
361 390
361 391
361 418
361 440
361 458
361 551
361 552
361 594
361 981
362 121
362 258
362 306
362 355
362 356
362 376
362 390
362 487
362 538
362 552
362 557
362 595
362 640
362 702
362 803
362 811
362 973
363 259
363 274
363 676
363 697
365 158
365 640
365 694
365 740
365 880
365 897
365 934
365 936
365 943
366 526
366 593
366 624
366 651
366 831
366 970
367 836
368 58
368 64
368 210
368 212
368 255
368 265
368 269
368 280
368 284
368 306
368 329
368 341
368 363
368 369
368 380
368 392
368 393
368 396
368 398
368 399
368 402
368 414
368 447
368 450
368 454
368 457
368 593
368 1014
370 378
370 385
371 255
371 269
371 280
371 284
371 329
371 363
371 373
371 380
371 390
371 391
371 396
371 463
371 697
372 371
373 203
373 225
373 306
373 329
373 332
373 341
373 355
373 356
373 366
373 391
373 396
373 409
373 415
373 418
373 482
373 523
373 525
373 532
373 538
373 557
373 734
374 306
374 332
374 355
374 373
374 376
374 391
375 306
379 274
379 557
379 705
380 64
380 265
380 402
380 433
381 94
381 280
381 360
381 553
381 640
381 676
381 705
382 363
382 414
383 356
384 121
384 516
384 538
384 557
384 633
384 705
386 380
387 380
388 389
390 57
390 58
390 94
390 121
390 130
390 148
390 225
390 262
390 265
390 302
390 331
390 332
390 341
390 348
390 371
390 373
390 391
390 392
390 396
390 405
390 414
390 415
390 440
390 456
390 458
390 463
390 465
390 470
390 482
390 483
390 495
390 500
390 514
390 516
390 517
390 521
390 523
390 525
390 532
390 534
390 546
390 552
390 553
390 555
390 557
390 566
390 590
390 594
390 595
390 606
390 609
390 623
390 627
390 642
390 644
390 648
390 655
390 697
390 701
390 744
390 745
394 341
394 373
394 390
395 58
395 183
395 212
395 265
395 284
395 341
395 392
395 393
395 399
395 434
395 447
395 454
395 457
395 471
395 494
395 701
395 729
391 57
391 121
391 130
391 183
391 212
391 265
391 284
391 331
391 332
391 340
391 356
391 362
391 371
391 373
391 379
391 380
391 390
391 393
391 409
391 415
391 416
391 438
391 440
391 456
391 482
391 483
391 516
391 525
391 526
391 552
391 590
391 602
391 616
391 627
391 886
393 148
393 331
393 356
393 566
397 210
399 500
399 523
400 58
400 390
400 465
401 158
401 182
401 409
401 707
401 737
401 758
401 759
401 765
401 782
401 793
403 58
405 332
405 514
405 551
405 633
405 687
405 697
405 702
405 737
407 552
406 407
409 546
409 553
410 363
411 280
411 355
413 414
415 391
415 483
415 532
415 594
404 257
412 523
416 362
416 518
416 593
416 970
417 424
417 537
418 94
418 121
418 130
418 183
418 203
418 225
418 331
418 332
418 373
418 482
418 508
418 511
418 525
418 532
418 538
418 539
418 552
418 553
418 557
418 566
418 567
418 579
418 580
418 593
418 602
418 604
418 608
418 623
422 42
422 594
423 42
419 42
419 424
420 42
421 42
424 225
425 424
426 356
426 424
427 257
429 188
429 280
429 390
429 998
430 121
430 183
430 188
430 332
430 390
430 484
430 537
430 538
430 557
430 608
430 631
430 640
428 265
428 280
428 627
431 121
431 130
431 148
431 183
431 203
431 262
431 265
431 312
431 331
431 332
431 340
431 348
431 355
431 360
431 362
431 366
431 381
431 391
431 393
431 396
431 405
431 409
431 418
431 430
431 436
431 438
431 463
431 465
431 470
431 487
431 494
431 508
431 511
431 514
431 518
431 523
431 525
431 532
431 538
431 551
431 552
431 553
431 555
431 557
431 566
431 567
431 590
431 602
431 608
431 609
431 615
431 627
431 631
431 633
431 644
431 648
431 659
431 662
431 663
431 669
431 701
431 707
431 782
431 799
431 811
432 511
432 805
434 514
435 356
435 447
436 356
436 697
437 356
396 58
396 130
396 257
396 284
396 341
396 380
396 392
396 409
396 436
396 440
396 458
396 482
396 552
396 567
396 642
396 662
396 701
396 720
439 396
440 212
440 257
440 265
440 269
440 284
440 341
440 380
440 390
440 393
440 396
440 454
441 390
441 434
442 390
442 391
443 373
443 393
447 212
447 234
447 331
447 380
447 415
447 436
447 454
445 447
446 390
446 447
444 269
444 434
444 450
444 454
448 121
448 212
448 265
448 269
448 284
448 341
448 380
448 390
448 392
448 393
448 399
448 457
451 212
451 265
451 269
451 392
451 393
451 399
452 265
449 516
449 950
453 158
453 183
453 341
453 735
453 812
453 842
453 1000
453 1002
453 1010
455 393
455 590
458 57
458 341
458 355
458 371
458 373
458 391
460 517
461 482
463 183
463 203
463 340
463 355
463 371
463 381
463 438
463 458
463 508
463 552
463 553
463 555
463 557
463 566
463 602
463 604
463 608
463 659
465 568
464 390
466 390
467 130
467 340
467 390
468 121
469 782
471 158
471 803
471 842
471 856
471 894
472 286
474 471
473 471
475 355
476 121
476 355
476 366
476 484
476 551
476 553
476 624
476 676
476 697
476 948
477 286
477 355
477 373
477 415
477 470
477 526
477 537
477 594
477 621
477 646
477 690
477 705
477 720
477 734
477 740
477 742
477 774
477 799
477 802
477 805
477 815
477 835
477 836
477 842
477 850
477 852
477 865
477 869
477 872
477 890
477 901
477 911
477 912
477 918
477 919
477 927
477 943
477 948
477 991
478 355
480 121
481 482
481 555
484 121
484 348
484 360
484 430
484 525
484 534
484 555
484 651
484 659
484 690
486 94
486 183
486 235
486 262
486 274
486 331
486 348
486 362
486 409
486 412
486 436
486 463
486 484
486 495
486 525
486 559
486 566
486 568
486 594
486 596
486 615
486 624
486 633
486 640
486 644
486 659
486 666
486 708
486 762
486 766
486 790
486 826
486 936
487 183
487 203
487 262
487 430
487 436
487 463
487 484
487 494
487 511
487 557
487 579
487 590
487 608
487 609
487 631
487 633
487 640
487 644
487 729
487 744
489 494
488 391
490 332
490 381
490 416
490 557
491 130
491 537
491 590
491 744
491 802
492 302
492 371
492 516
479 148
493 656
493 782
496 463
497 555
498 371
498 463
499 183
500 456
501 121
501 405
501 465
501 609
501 662
502 130
502 436
502 552
502 662
502 869
503 546
505 371
505 595
506 705
317 456
507 418
507 553
509 121
509 203
509 225
509 463
509 538
509 551
509 552
509 594
509 622
509 640
509 651
509 697
509 699
509 702
509 758
509 805
509 970
509 1015
510 567
510 648
511 360
511 546
511 659
511 745
513 94
513 130
513 225
513 352
513 360
513 529
513 534
513 557
513 594
513 622
513 697
513 701
513 708
513 758
513 759
513 830
513 991
513 1015
514 121
514 258
514 274
514 332
514 360
514 366
514 438
514 463
514 465
514 470
514 487
514 511
514 518
514 527
514 529
514 534
514 538
514 551
514 557
514 566
514 594
514 602
514 608
514 622
514 631
514 633
514 640
514 648
514 662
514 672
514 694
514 697
514 701
514 702
514 705
514 720
514 737
514 740
514 758
514 759
514 767
514 793
514 799
514 802
514 805
514 808
514 811
514 829
514 842
514 876
514 912
514 919
514 932
514 933
514 934
514 936
514 991
514 1006
514 1010
514 1015
515 360
515 366
515 379
515 511
515 557
515 567
515 644
515 659
515 705
515 707
515 742
515 745
515 782
515 805
517 842
517 983
518 203
518 362
518 416
518 463
518 470
518 508
518 526
518 544
518 553
518 557
518 594
518 666
518 669
518 701
518 748
518 903
519 340
519 381
519 508
522 438
524 686
528 552
529 559
529 590
529 627
530 532
531 312
531 331
531 332
531 405
531 438
531 532
531 538
531 602
531 606
531 608
531 609
531 623
534 158
534 538
534 721
534 796
534 842
534 865
534 869
534 873
534 936
534 1015
535 225
535 340
536 94
537 258
537 262
537 274
537 360
537 470
537 529
537 534
537 557
537 590
537 594
537 609
537 615
537 623
537 627
537 630
537 640
537 645
537 648
537 659
537 663
537 680
537 692
537 697
537 705
537 883
537 934
538 72
538 121
538 312
538 331
538 360
538 438
538 458
538 463
538 529
538 552
538 557
538 568
538 594
538 595
538 596
538 604
538 616
538 622
538 623
538 633
538 640
538 671
538 683
538 705
538 758
538 763
538 774
538 784
538 794
538 856
538 1015
540 534
540 551
540 697
540 774
541 381
542 340
542 418
542 566
545 470
546 121
546 405
546 418
546 557
546 568
546 644
547 183
547 262
547 405
547 418
547 463
547 470
547 504
547 557
547 559
547 567
547 595
548 203
549 130
550 130
551 130
551 158
551 312
551 360
551 379
551 429
551 484
551 512
551 529
551 534
551 552
551 594
551 595
551 608
551 609
551 623
551 624
551 633
551 640
551 642
551 655
551 663
551 676
551 697
551 702
551 705
551 727
551 734
551 742
551 799
551 834
551 851
551 876
551 894
551 934
551 998
551 1015
552 662
552 934
552 958
553 566
553 661
553 662
553 970
554 553
520 418
520 514
520 555
556 418
557 331
557 593
557 684
557 697
557 745
558 121
558 559
559 331
559 514
562 121
562 332
562 360
562 362
562 538
562 559
562 594
562 606
562 669
561 438
561 551
561 594
561 595
561 633
561 705
561 734
561 742
561 886
561 1015
563 430
564 511
564 659
565 648
566 593
567 360
567 557
567 616
567 697
567 742
567 903
568 557
569 183
571 94
571 183
571 557
571 670
570 183
572 557
573 557
573 697
574 557
575 121
575 286
575 865
576 274
576 360
576 416
576 484
576 529
576 534
576 538
576 551
576 633
576 676
576 690
576 697
576 701
576 702
576 705
576 708
576 729
576 744
576 754
576 802
576 842
576 894
576 973
577 94
577 551
577 557
578 121
581 852
581 856
582 754
582 894
582 933
584 602
584 633
586 331
586 438
586 602
587 894
588 567
588 594
588 604
588 676
588 684
588 796
589 559
590 608
590 627
591 640
591 901
591 911
592 651
592 654
593 405
594 158
594 362
594 416
594 463
594 518
594 557
594 567
594 568
594 593
594 627
594 642
594 648
594 651
594 655
594 661
594 662
594 663
594 697
594 730
594 762
594 834
594 851
594 903
594 919
594 934
595 331
595 332
595 405
595 438
595 463
595 546
595 568
595 602
595 627
595 633
595 640
595 644
595 648
595 662
595 663
595 666
597 529
597 594
598 567
599 546
599 623
600 659
601 331
603 438
605 312
608 595
608 609
609 463
609 551
609 594
609 623
609 648
609 729
609 754
609 873
609 890
610 332
610 366
610 615
607 332
607 697
611 332
611 484
611 511
611 631
612 286
612 428
612 529
612 551
612 616
612 618
612 628
612 656
612 670
612 722
612 723
612 735
612 802
612 808
612 812
612 815
612 825
612 826
612 828
612 830
612 831
612 833
612 835
612 836
612 842
613 568
613 608
614 72
614 258
614 360
614 362
614 504
614 527
614 529
614 538
614 557
614 608
614 616
614 686
614 697
614 702
614 705
614 1015
615 627
616 146
616 362
616 366
616 416
616 551
616 594
616 618
616 621
616 628
616 631
616 633
616 642
616 676
616 829
616 831
616 876
616 973
617 258
617 534
619 511
619 615
620 511
618 534
618 538
618 568
618 690
618 708
618 763
618 833
618 835
621 526
621 594
621 595
621 616
621 640
621 705
621 742
621 744
621 829
621 894
621 907
621 911
621 918
621 943
624 366
624 526
624 676
624 705
625 366
626 621
626 808
626 853
626 964
626 970
627 352
627 543
627 615
627 622
627 672
627 767
627 829
627 842
627 894
627 912
631 529
631 622
631 644
631 648
631 655
631 813
632 615
634 258
634 274
634 484
634 534
634 690
634 697
634 702
634 742
634 808
634 829
634 856
635 360
635 702
635 705
635 707
635 734
636 640
637 640
629 640
639 640
638 640
641 429
641 463
641 526
641 551
641 557
641 633
641 655
641 668
641 690
641 718
641 744
641 789
641 794
641 801
641 826
641 1015
642 94
642 258
642 274
642 362
642 379
642 416
642 436
642 484
642 504
642 518
642 529
642 534
642 551
642 567
642 595
642 616
642 618
642 624
642 633
642 656
642 662
642 669
642 670
642 676
642 701
642 702
642 705
642 722
642 727
642 729
642 744
642 754
642 762
642 793
642 802
642 873
642 918
642 965
642 983
642 988
643 648
647 463
647 659
647 662
647 663
649 595
649 644
649 655
644 484
644 697
644 707
650 436
651 965
652 94
652 379
652 659
652 676
652 869
653 568
653 873
655 567
656 557
656 958
657 557
658 258
658 594
658 595
658 633
658 669
658 697
660 651
661 409
661 594
661 662
661 727
665 487
665 529
665 802
633 94
633 352
633 429
633 470
633 526
633 538
633 551
633 616
633 618
633 621
633 646
633 676
633 690
633 702
633 734
633 735
633 742
633 758
633 759
633 762
633 765
633 766
633 767
633 769
633 783
633 803
633 805
633 808
633 813
633 815
633 830
633 876
633 878
633 883
633 918
633 934
633 936
633 939
633 979
633 1015
667 633
668 835
670 234
670 286
670 352
670 379
670 534
670 595
670 616
670 618
670 744
670 825
670 828
670 831
670 835
670 836
670 919
670 936
673 504
674 529
674 707
675 512
675 551
675 624
675 676
675 876
675 894
675 934
675 998
676 429
676 633
677 146
677 352
677 526
677 529
677 551
677 618
677 621
677 628
677 633
677 640
677 661
677 676
677 694
677 734
677 742
677 754
677 762
677 793
677 799
677 802
677 805
677 808
677 815
677 829
677 836
677 856
677 857
677 859
677 865
677 870
677 872
677 873
677 875
677 988
677 1006
677 1010
678 594
678 676
678 842
679 680
681 512
681 557
681 697
681 705
685 484
688 416
688 557
688 670
688 734
688 744
688 943
688 995
689 690
689 697
689 802
691 640
691 697
693 534
682 594
694 767
694 853
694 873
694 983
694 1006
694 1010
695 702
696 94
696 697
698 699
700 274
701 146
701 158
701 477
701 527
701 537
701 640
701 645
701 702
701 829
701 876
701 912
701 928
701 934
701 939
701 958
701 965
703 831
703 836
704 890
704 973
705 512
705 551
705 624
705 676
705 767
705 894
706 158
706 416
706 526
706 585
706 701
706 718
707 729
707 1002
709 557
710 557
711 557
712 557
713 158
713 286
713 352
713 428
713 429
713 487
713 526
713 527
713 529
713 537
713 538
713 551
713 557
713 594
713 618
713 621
713 624
713 633
713 640
713 642
713 656
713 668
713 670
713 676
713 690
713 706
713 734
713 740
713 742
713 762
713 766
713 769
713 782
713 793
713 799
713 803
713 805
713 808
713 811
713 825
713 828
713 829
713 830
713 831
713 835
713 836
713 842
713 852
713 857
713 865
713 870
713 873
713 890
713 911
713 918
713 919
713 922
713 934
713 936
713 1015
714 416
714 538
714 676
714 723
714 748
714 1015
715 416
716 803
717 705
719 529
720 429
720 551
720 594
720 616
720 618
720 646
720 656
720 661
720 670
720 722
720 734
720 762
720 774
720 802
720 805
720 815
720 825
720 831
720 842
720 890
720 901
722 628
724 622
725 676
726 551
727 730
728 701
728 729
728 737
728 743
728 744
728 745
728 782
728 1015
731 146
732 633
732 789
734 529
734 551
734 742
734 802
734 903
735 594
735 863
735 883
735 995
735 1000
736 842
736 998
737 754
738 529
738 640
738 740
738 758
738 775
738 782
738 799
738 802
739 529
740 529
740 594
740 645
740 661
740 734
740 735
740 742
740 759
740 762
740 813
740 829
740 842
740 851
740 859
740 873
740 875
740 876
740 878
740 886
740 894
740 896
740 897
740 907
740 912
740 933
740 934
740 936
740 964
740 965
740 973
740 981
740 991
740 1000
740 1015
741 529
741 981
742 487
742 526
742 529
742 551
742 594
742 621
742 628
742 676
742 690
742 706
742 722
742 740
742 762
742 793
742 799
742 805
742 808
742 811
742 831
742 835
742 863
742 955
742 1015
746 727
747 727
664 973
749 762
749 909
749 934
749 1010
750 146
750 477
750 538
750 585
750 765
750 829
750 834
750 880
750 894
750 912
750 927
750 928
750 948
750 958
750 970
751 585
751 754
751 767
751 869
751 873
751 932
751 983
751 991
752 754
753 754
755 756
757 526
757 676
757 706
757 789
757 790
760 911
761 767
761 958
762 705
583 799
764 526
764 585
764 645
764 676
764 765
764 789
764 894
764 912
764 927
767 705
768 767
770 633
771 772
773 594
773 633
774 551
774 740
774 886
774 901
777 640
777 706
776 640
778 624
779 624
780 782
781 782
785 640
786 829
786 876
787 742
787 803
787 1015
788 551
791 158
791 526
791 537
791 651
791 676
791 740
791 774
791 894
791 897
791 912
791 927
791 943
791 948
791 973
791 983
791 1006
792 526
792 793
795 690
796 428
796 470
796 527
796 543
796 551
796 560
796 646
796 734
796 740
796 774
796 786
796 802
796 816
796 829
796 834
796 851
796 852
796 873
796 876
796 902
796 916
796 922
796 1015
797 158
797 767
797 979
797 1015
798 799
800 628
805 970
805 1000
806 470
806 487
806 517
806 628
806 705
806 808
806 829
806 852
806 890
806 901
807 628
807 865
809 811
810 811
813 829
813 842
813 886
814 735
817 829
817 835
817 849
817 856
818 661
818 856
819 616
819 829
819 842
819 878
820 803
821 477
821 640
821 645
821 651
821 734
821 740
821 762
821 803
821 834
821 865
821 870
821 873
821 876
821 878
821 894
821 911
821 912
821 918
821 927
821 941
821 956
821 980
822 656
822 836
823 670
824 656
827 235
827 909
827 934
829 585
829 616
829 742
829 786
829 834
829 852
829 873
829 894
829 934
829 1000
832 865
828 158
828 646
828 876
828 903
834 146
834 235
834 477
834 585
834 645
834 651
834 672
834 694
834 735
834 791
834 813
834 829
834 842
834 850
834 863
834 869
834 873
834 880
834 886
834 894
834 897
834 907
834 909
834 912
834 916
834 922
834 927
834 933
834 934
834 936
834 940
834 943
834 944
834 948
834 955
834 958
834 970
834 973
834 981
834 988
834 989
834 995
834 998
834 1000
834 1002
834 1006
834 1010
837 836
838 742
838 849
840 594
840 803
840 829
840 851
840 865
840 883
841 842
842 873
842 983
843 842
843 943
844 646
844 742
844 896
845 911
845 962
845 973
845 988
845 990
839 594
847 848
850 621
850 672
850 870
850 927
850 933
851 158
851 470
851 517
851 527
851 640
851 720
851 734
851 774
851 829
851 852
851 873
851 911
851 918
851 919
851 926
851 934
851 943
852 594
852 621
852 742
852 805
852 813
854 661
855 661
858 767
860 808
861 805
862 808
863 742
863 842
863 927
863 934
863 995
864 829
866 640
866 791
866 894
866 934
867 470
867 705
867 720
867 740
867 842
867 851
867 852
867 901
868 158
868 640
868 645
868 705
868 720
868 803
868 873
868 911
868 934
868 936
868 981
868 988
868 991
868 995
868 998
868 1006
868 1008
869 585
869 705
869 829
869 894
869 934
871 158
871 537
871 645
871 791
871 829
871 842
871 912
871 919
871 934
871 936
872 594
872 640
872 829
872 842
872 933
872 936
874 803
874 878
877 878
879 594
879 803
879 883
880 842
880 934
881 672
881 869
881 876
881 897
881 936
884 694
884 842
884 909
884 934
884 950
884 1006
884 1008
885 645
885 672
885 694
885 813
885 842
885 919
885 932
885 934
885 955
885 991
886 934
886 973
887 774
887 873
882 517
882 646
882 774
882 842
888 890
889 890
889 894
873 158
873 842
873 897
873 919
873 922
873 926
873 936
873 940
873 941
873 944
873 964
873 979
873 980
873 988
873 989
892 873
891 235
891 470
891 640
891 645
891 651
891 694
891 735
891 767
891 813
891 842
891 852
891 853
891 863
891 869
891 873
891 907
891 909
891 911
891 916
891 919
891 932
891 934
891 965
891 970
891 979
891 983
891 988
891 991
891 995
891 1000
891 1002
891 1006
891 1010
894 158
894 470
894 527
894 537
894 767
894 813
894 829
894 852
894 856
894 880
894 901
894 912
894 919
894 927
894 934
894 936
894 943
894 973
894 995
893 842
895 842
896 527
896 894
897 640
898 851
898 911
899 886
899 912
899 923
899 926
899 973
900 918
900 936
905 834
905 922
906 796
907 873
907 923
907 965
907 979
907 991
907 1000
908 158
908 672
908 919
908 934
908 943
909 907
910 537
910 640
910 897
910 911
910 934
910 936
911 912
911 927
911 936
911 948
911 1000
912 158
912 477
912 651
912 767
912 791
912 813
912 829
912 853
912 863
912 869
912 873
912 880
912 886
912 894
912 907
912 927
912 940
912 943
912 944
912 973
912 980
912 981
912 983
913 694
914 851
915 955
920 158
919 767
919 813
919 869
919 873
919 934
919 936
919 958
919 1002
917 907
917 934
917 1005
917 1006
921 886
921 912
921 926
921 927
921 973
923 873
925 645
925 909
925 911
925 1000
927 894
927 912
927 1000
928 645
928 694
928 813
928 911
928 916
928 934
928 983
928 991
928 1006
904 958
930 640
930 919
931 640
932 931
933 880
933 894
933 934
933 1008
924 158
935 936
937 791
937 850
937 897
937 948
938 791
938 813
938 829
938 894
938 933
941 978
942 943
945 850
946 672
946 813
946 829
946 863
946 873
946 876
946 894
946 968
946 973
946 988
946 990
947 829
949 842
949 927
949 958
949 990
949 995
951 880
952 585
952 880
952 958
953 235
953 735
953 767
953 863
953 869
953 907
953 965
953 979
953 983
953 988
953 991
953 995
953 998
953 1000
954 842
954 958
955 880
957 958
959 958
960 842
961 894
963 651
965 651
967 694
967 767
967 886
967 907
967 909
967 932
967 973
967 983
969 934
971 767
971 842
972 973
974 813
974 842
974 934
975 976
977 235
977 965
977 979
977 990
977 991
982 767
983 842
984 645
984 694
984 842
984 853
984 907
984 909
984 1006
984 1010
985 645
985 694
985 934
985 955
985 998
985 1006
985 1010
986 842
987 645
987 694
987 842
987 934
987 955
987 1000
991 934
992 991
993 842
994 863
996 907
996 1000
997 998
929 998
999 998
966 735
966 907
1001 1002
1003 907
1004 907
1005 907
1007 842
1007 934
1009 694
1011 842
1012 853
1013 909
